
2316
2316
1870
1870

315
315



2345
2345


444
444
2234
2234



1057
1057

715
715

453
453





725
725









46
46

11
11
841
841
1727
1727
655
655
2040
2040




2219
2219







2226
2226
1894
1894

570
570

2432
2432



568
568
1274
1274



1331
1331
303
303




2264
2264




1767
1767



1820
1820






1017
1017
1569
1569


1131
1131
907
907


532
532


2497
2497
2491
2491


1710
1710




2435
2435
1255
1255



899
899

1343
1343









324
324

1037
1037

256
256
2375
2375
2039
2039
209
209

1802
1802



1961
1961

1132
1132
1685
1685
985
985







2011
2011

1712
1712


2309
2309

1683
1683

2311
2311


1468
1468




518
518

1409
1409



239
239
838
838







1159
1159
697
697


2494
2494


2454
2454








1917
1917










721
721


1960
1960

132
132








2194
2194


1176
1176


1957
1957


352
352
2288
2288
658
658





27
27



1523
1523


895
895


215
215

2482
2482
1480
1480

2376
2376

1619
1619
1192
1192

1256
1256








941
941





120
120



1980
1980
1246
1246


1539
1539

1216
1216








2543
2543









1949
1949
336
336


2176
2176





432
432

1006
1006



1120
1120

2185
2185


1979
1979


1458
1458
1034
1034




531
531
92
92



994
994



945
945



2341
2341


1295
1295
1737
1737




2047
2047







2050
2050

2423
2423


1927
1927




1439
1439



1106
1106


1908
1908



2255
2255
521
521


201
201



1121
1121
722
722







999
999
964
964
716
716










1547
1547





73
73




847
847

846
846


1211
1211
320
320



1326
1326




353
353
793
793


2495
2495


390
390

763
763

2292
2292






104
104
1871
1871
2277
2277


2108
2108

641
641

109
109


235
235
823
823


1777
1777




1719
1719
2024
2024

1333
1333

1381
1381


902
902

1715
1715

1869
1869

1500
1500



1068
1068


2458
2458

621
621
1079
1079

1774
1774



1069
1069
149
149



546
546




2398
2398


283
283



1920
1920


1656
1656
1509
1509
2329
2329
2361
2361

2298
2298










1062
1062


1493
1493
924
924


1986
1986

1806
1806
261
261
549
549



40
40
2017
2017
2231
2231

1430
1430
100
100


2143
2143
664
664




152
152

785
785
85
85
517
517


423
423
911
911




1354
1354

2504
2504





1207
1207






950
950


1258
1258




1427
1427








1995
1995








1610
1610

1119
1119
188
188


36
36


514
514
939
939

2037
2037



1585
1585
735
735
1729
1729


571
571
237
237



1053
1053
1640
1640
1760
1760


2419
2419

2303
2303

2519
2519



329
329

1487
1487
29
29





1559
1559
2324
2324
1497
1497
1322
1322
2476
2476
2535
2535



1213
1213








3
3

2385
2385




1136
1136
1775
1775


2356
2356

810
810

2515
2515
1116
1116

596
596


2030
2030
2291
2291


1713
1713

448
448
16
16

1597
1597
197
197
756
756

2211
2211

2464
2464




1536
1536

1287
1287

2042
2042

2533
2533

55
55
1532
1532



1157
1157
62
62



2468
2468



670
670
2283
2283



1629
1629

2542
2542

724
724



1052
1052



1268
1268


684
684


1440
1440
437
437



217
217
1931
1931


1378
1378


723
723
1126
1126






115
115
333
333
2546
2546


395
395
382
382
747
747




960
960

706
706






743
743

1421
1421



2436
2436

2084
2084





2085
2085






1198
1198
1376
1376
480
480







1549
1549


371
371

441
441

588
588
317
317
1432
1432
1930
1930




2460
2460




1171
1171

1261
1261


645
645

753
753


2352
2352

587
587






1581
1581



2379
2379



2107
2107





760
760




1833
1833

2055
2055
2100
2100
2267
2267
2383
2383


1955
1955
1626
1626
1595
1595










2489
2489



2537
2537

923
923

1188
1188


603
603
503
503








191
191



2109
2109

2154
2154

2370
2370



2360
2360





1018
1018
1799
1799






1836
1836

629
629

1783
1783

1339
1339


1572
1572
1823
1823


696
696

959
959


1454
1454

1912
1912




1856
1856
1686
1686

481
481
745
745


2041
2041

1238
1238

1485
1485



207
207





1545
1545
1098
1098
1478
1478










584
584





1751
1751







1444
1444


2223
2223
2472
2472
1067
1067



1778
1778
1371
1371
1226
1226


2139
2139

1793
1793




1448
1448


839
839

773
773


153
153





1372
1372




33
33



2137
2137

246
246
2415
2415
332
332

1748
1748
1903
1903





1684
1684
87
87
1959
1959

2111
2111
185
185
14
14
1486
1486

627
627
2148
2148




2207
2207


1064
1064
1373
1373
264
264

2362
2362




335
335
1892
1892
165
165
700
700
2558
2558



455
455


2081
2081
1123
1123
1813
1813




318
318

294
294
2513
2513


1862
1862
4
4

1860
1860

328
328
189
189


2161
2161




1939
1939





309
309






910
910


1180
1180

310
310


268
268
1196
1196





479
479
2555
2555

1442
1442

757
757





1360
1360


18
18
979
979


1391
1391
2046
2046






1520
1520

2539
2539
2121
2121
445
445



1717
1717


1877
1877















213
213
648
648

650
650

1224
1224






594
594
816
816


1336
1336
813
813
602
602
1503
1503



772
772



848
848
1165
1165


2308
2308

652
652
1909
1909



1229
1229




1967
1967





116
116
1386
1386
164
164

1066
1066

2142
2142
2004
2004




2182
2182



1918
1918



2271
2271


963
963






2106
2106








2134
2134
637
637



2061
2061
2066
2066
2001
2001
1814
1814

1947
1947
1973
1973








2536
2536


2368
2368


159
159


2104
2104
2446
2446



2057
2057
1276
1276



2545
2545

2203
2203









1469
1469
1419
1419

1650
1650

1390
1390


1688
1688
2156
2156






1040
1040


2557
2557
1270
1270


1413
1413


354
354
2007
2007
851
851

855
855


1160
1160



124
124
1010
1010









2254
2254
377
377
782
782



2323
2323

154
154
711
711

2300
2300






2377
2377

635
635
















1199
1199



2063
2063



2187
2187


1841
1841
1521
1521

456
456

2405
2405



2209
2209
344
344
609
609

351
351





369
369
138
138

25
25






1474
1474
2060
2060

909
909

875
875








1637
1637





492
492
647
647
591
591


2346
2346








187
187









2319
2319





844
844
461
461

2332
2332
1300
1300


2402
2402
2483
2483



832
832

2253
2253
1879
1879










1149
1149

1387
1387
695
695


1546
1546
778
778

232
232
2382
2382

654
654
244
244
2122
2122
1925
1925
2295
2295

1966
1966
2165
2165


2220
2220
625
625
2086
2086

220
220
1507
1507


777
777



1077
1077

2115
2115
1624
1624



504
504



1459
1459

179
179

2146
2146


89
89
93
93
1319
1319



1117
1117





2455
2455
410
410





870
870


76
76
800
800
566
566
1789
1789
2075
2075



341
341

1416
1416

833
833






1522
1522




996
996


2393
2393

1954
1954
1647
1647

1266
1266






914
914


298
298



970
970
812
812
1616
1616

1078
1078




1755
1755
2166
2166

1835
1835



1562
1562

2355
2355







2551
2551
714
714


348
348
630
630


343
343
1534
1534



1766
1766






1453
1453
1231
1231




1019
1019

272
272

1874
1874



21
21
781
781
751
751




24
24





142
142






1808
1808





2450
2450
2256
2256

820
820













1408
1408
1044
1044
2236
2236


2296
2296
218
218




1780
1780
2276
2276


2314
2314



1691
1691


574
574








401
401









2132
2132


1314
1314
2400
2400






1471
1471




1461
1461
1262
1262



1701
1701












1097
1097
1611
1611



1025
1025





349
349



2278
2278

1236
1236

279
279






2487
2487
1135
1135




2009
2009
112
112
2330
2330



1050
1050
987
987
1298
1298







1282
1282
2053
2053


1202
1202
1722
1722

2274
2274




214
214
1036
1036











1600
1600

1510
1510


1139
1139
2449
2449
2289
2289

1083
1083
1971
1971


1127
1127


1533
1533






1001
1001

407
407




251
251

472
472

2401
2401







231
231
2392
2392



99
99


1794
1794
1556
1556


2260
2260







388
388

873
873

2191
2191

2310
2310

147
147

462
462




















465
465


2502
2502


1744
1744
1003
1003
2031
2031

1603
1603
2351
2351
134
134
403
403




1837
1837



1122
1122
1317
1317


1620
1620
1140
1140


2338
2338

1297
1297
2056
2056

1772
1772



986
986





989
989


1228
1228



1855
1855


2043
2043

2241
2241
2386
2386




17
17
1977
1977
1179
1179
1641
1641












626
626





704
704


2080
2080
786
786

177
177






890
890





367
367

672
672

226
226

135
135

1504
1504

2403
2403
1984
1984
1826
1826



103
103

1355
1355

1088
1088


631
631
1369
1369



1118
1118
982
982

1944
1944


2507
2507


831
831
495
495
1608
1608


491
491


811
811
1840
1840

2102
2102
34
34





869
869
2237
2237


1482
1482


2140
2140
80
80



748
748

1138
1138



974
974
1460
1460




878
878
1230
1230

2492
2492



1992
1992










1580
1580
2297
2297

1434
1434

2160
2160






240
240

1241
1241
2163
2163
1942
1942

1834
1834










733
733


296
296


1146
1146
286
286
1476
1476


931
931
749
749

360
360










247
247






1627
1627

615
615



2198
2198

433
433
1859
1859
815
815

468
468



2553
2553





834
834

1102
1102

2079
2079





608
608



797
797



227
227






2212
2212
1320
1320
818
818
2348
2348
2406
2406




1346
1346

2131
2131


794
794
683
683

2327
2327
1103
1103






1219
1219

611
611
86
86
1092
1092

28
28



1348
1348








1963
1963



1567
1567
934
934


679
679


175
175

2118
2118



957
957

2344
2344

984
984

856
856




1541
1541








198
198

2235
2235


1294
1294





1941
1941




1716
1716

1991
1991
408
408
304
304
976
976

2000
2000
1187
1187





2221
2221

2389
2389


2426
2426

1203
1203


305
305



2141
2141
662
662


2339
2339
780
780












1195
1195




2225
2225



830
830
2486
2486





83
83

1395
1395



1033
1033



372
372


862
862





871
871
1217
1217
622
622




409
409









1080
1080

183
183






2048
2048


1880
1880
2529
2529



1005
1005

1002
1002




784
784









597
597
858
858
607
607





375
375






1705
1705




1612
1612

850
850
1911
1911




536
536

2409
2409


389
389




1524
1524



1209
1209


2322
2322


1881
1881

211
211




1599
1599
1846
1846
2367
2367





2248
2248
619
619
948
948
740
740



1065
1065

129
129

1347
1347
1070
1070
1803
1803
1175
1175
1831
1831




1565
1565





859
859





250
250

1058
1058


913
913
821
821



1875
1875




942
942


399
399


91
91


224
224
1389
1389





2503
2503





817
817

2544
2544






1675
1675


1154
1154
1016
1016





1779
1779

203
203






2429
2429
1498
1498
759
759
2390
2390

1189
1189
1148
1148
884
884

880
880









1169
1169
356
356

1325
1325


1602
1602
289
289



1658
1658

2029
2029
1731
1731





1579
1579
1564
1564


1829
1829

477
477

912
912


803
803
1548
1548

1257
1257

65
65
949
949

864
864

2447
2447



527
527

49
49
606
606
829
829






2099
2099

1168
1168


561
561
2083
2083
2335
2335
2342
2342






526
526
1288
1288

1865
1865
1377
1377



2128
2128
1589
1589
362
362










60
60



673
673




699
699


1489
1489


953
953


463
463

1670
1670
2093
2093
922
922
1431
1431



988
988
2451
2451






1425
1425

741
741



443
443
63
63

1529
1529


253
253



1384
1384
277
277





1109
1109
1405
1405
1958
1958

1551
1551

992
992



2304
2304


2193
2193
1111
1111








2287
2287
1661
1661

605
605


1990
1990

359
359
1951
1951

1104
1104


2150
2150





157
157
1792
1792

1525
1525

1423
1423




1976
1976






2317
2317



1323
1323
2412
2412




541
541


1725
1725
436
436
2202
2202
488
488

1311
1311
2527
2527
2433
2433









26
26




559
559

1993
1993
1805
1805

2247
2247










730
730
1012
1012
1632
1632









610
610




1788
1788






1537
1537

557
557
1225
1225




1707
1707
68
68


1337
1337
2373
2373
1897
1897






1252
1252


1557
1557
717
717
32
32



2020
2020
1341
1341
58
58




2167
2167
539
539


412
412
459
459


196
196



168
168
208
208



1913
1913
894
894
243
243










1756
1756

2012
2012

229
229



2133
2133
1438
1438



406
406
10
10

1873
1873
1181
1181



1584
1584

1076
1076
1084
1084
440
440


2477
2477

59
59

2173
2173

2025
2025

1411
1411

1704
1704




1639
1639





1596
1596



273
273












2059
2059



35
35
2006
2006


885
885

374
374


345
345


1735
1735

2439
2439
1027
1027



968
968
755
755




1962
1962
2095
2095



323
323
1383
1383
1204
1204

2092
2092








1009
1009










1508
1508










67
67


962
962



1782
1782
1452
1452



2541
2541

2516
2516


2123
2123




1606
1606
1618
1618


2138
2138

971
971



1445
1445
765
765
595
595
2340
2340

321
321


653
653
1418
1418







857
857






31
31






1861
1861


2155
2155

1462
1462


633
633
1437
1437

2384
2384



944
944
889
889

2021
2021







1994
1994

307
307




2550
2550

312
312
252
252

1156
1156

2418
2418






1153
1153







2171
2171










2456
2456


1757
1757
1028
1028

2158
2158

2205
2205
649
649



384
384

1380
1380


2135
2135

565
565
64
64
2285
2285




1714
1714

1689
1689
118
118


1844
1844

837
837


245
245
1796
1796



151
151

473
473
1193
1193

5
5
1544
1544


2350
2350

1330
1330
522
522

2474
2474

590
590
355
355
634
634









2349
2349
1222
1222

1496
1496

346
346
1094
1094



167
167

687
687


1885
1885
78
78


1515
1515
2294
2294
1733
1733



1049
1049



405
405





1137
1137





1351
1351




2481
2481
1791
1791





2315
2315
1085
1085

2214
2214




469
469
414
414



2035
2035



172
172

2233
2233
1552
1552

228
228
1900
1900
2266
2266


1857
1857


2511
2511


1249
1249







917
917




579
579

1648
1648
545
545
508
508
1221
1221



990
990
2467
2467
1633
1633

719
719


1759
1759




1832
1832




2548
2548


1785
1785

1089
1089




556
556


771
771
1428
1428



718
718


1761
1761
334
334










2200
2200
1321
1321
1621
1621

1443
1443
150
150
1494
1494
1763
1763



665
665

2103
2103
1512
1512


1916
1916
1702
1702

2190
2190










2147
2147




195
195



801
801




1776
1776
2466
2466





1664
1664



173
173

1630
1630
1334
1334



450
450



1660
1660







1054
1054







1699
1699

105
105
1752
1752

1296
1296
499
499



1732
1732



2127
2127

544
544

701
701





703
703
1811
1811



186
186


1797
1797

1687
1687


2396
2396
788
788




951
951



1764
1764
1495
1495
1914
1914



2215
2215

1164
1164
1665
1665


807
807
368
368

1922
1922






1795
1795






972
972

528
528

1692
1692


1455
1455


2279
2279











553
553



300
300


1457
1457






2471
2471
789
789










2552
2552

238
238



669
669







702
702

1762
1762

1363
1363
1657
1657

712
712
2416
2416

1889
1889
121
121

2168
2168
2033
2033


863
863


779
779
1502
1502

1570
1570

2087
2087
1312
1312



1921
1921




2531
2531
1145
1145
905
905



983
983


313
313







1526
1526



612
612





386
386

471
471



1205
1205
2201
2201
1824
1824
1492
1492
2549
2549
1227
1227



376
376

2110
2110
727
727
1577
1577


1843
1843
836
836
2318
2318




1240
1240

161
161



255
255



644
644
330
330
133
133
554
554

1177
1177

2196
2196



1513
1513



2145
2145





204
204

562
562
826
826





363
363
397
397
1854
1854
2518
2518

2525
2525
599
599


396
396


2186
2186









1272
1272
854
854
1613
1613

1007
1007
490
490
1081
1081


339
339

454
454
43
43
387
387

1289
1289



106
106
2265
2265





180
180
447
447
1669
1669
2413
2413






1048
1048






1987
1987




44
44


400
400
1029
1029

2251
2251






1429
1429





1382
1382






1809
1809
2532
2532


1184
1184




15
15


1254
1254



2199
2199
1400
1400
2098
2098

1800
1800







51
51


1284
1284

507
507
671
671





1690
1690

1304
1304

993
993


1671
1671





1750
1750
1463
1463
805
805
1299
1299

174
174
1847
1847


2417
2417



921
921
1884
1884




1974
1974



466
466



458
458




661
661
2448
2448

1578
1578

852
852





9
9





1306
1306

1035
1035
1267
1267
2175
2175

2290
2290


1700
1700
995
995




1170
1170

1828
1828

752
752
791
791






1540
1540

234
234




2005
2005

381
381
2282
2282
677
677


1291
1291







744
744
2149
2149






290
290


1676
1676



513
513




2407
2407

1488
1488
2501
2501
385
385




1338
1338

1301
1301




620
620
2470
2470
1307
1307




966
966
728
728



123
123


768
768

97
97


1332
1332

958
958


37
37
578
578


1208
1208





943
943
182
182






1173
1173

1399
1399
569
569

288
288
281
281
483
483
973
973



835
835


1943
1943









1550
1550



2228
2228
308
308


1528
1528




2
2

1316
1316

2120
2120

1659
1659

1250
1250






230
230

311
311
431
431
550
550

1723
1723
2508
2508
537
537

1542
1542
928
928


1259
1259
1024
1024

2180
2180


350
350
2126
2126





267
267



2293
2293
2034
2034









2071
2071
567
567





1340
1340

42
42


1163
1163


824
824

117
117

667
667


860
860

30
30



2509
2509
636
636


2002
2002


1415
1415

1706
1706

1674
1674
1876
1876
734
734



2090
2090
1318
1318






451
451
50
50


1530
1530




223
223






1481
1481
713
713

1882
1882

494
494


1313
1313
1654
1654







69
69
867
867





534
534
2526
2526


2130
2130


1968
1968

2428
2428

1273
1273






2072
2072
2164
2164



2068
2068
96
96




952
952



53
53
1451
1451






1878
1878
799
799

140
140
2019
2019







932
932



1309
1309







1087
1087



417
417
736
736
1082
1082
460
460
1543
1543
1950
1950
84
84

114
114


1433
1433

1158
1158
808
808
2124
2124



2404
2404





1397
1397
2179
2179
1091
1091



709
709


2363
2363
1435
1435
314
314


742
742



2480
2480
819
819
1210
1210



892
892
1768
1768


1978
1978


2246
2246


1008
1008

1634
1634

2540
2540
1956
1956


192
192

1628
1628

1047
1047
1784
1784

601
601
981
981


137
137
2465
2465
1310
1310

2229
2229
2208
2208





2440
2440
2520
2520

806
806


1666
1666
828
828
967
967
319
319



485
485
1041
1041


1315
1315



415
415


750
750





762
762
111
111
2027
2027
1604
1604












1385
1385






1046
1046
2427
2427
1582
1582
1059
1059
790
790

666
666





685
685
1191
1191


1587
1587
2313
2313





170
170
682
682




2485
2485
1359
1359
370
370
1827
1827

947
947





1677
1677
2475
2475


2484
2484
2496
2496





1554
1554
475
475
938
938
1446
1446
558
558



1906
1906


623
623


919
919
592
592
1186
1186
688
688


2457
2457


523
523

331
331

1344
1344



1133
1133


1996
1996

1919
1919

937
937
956
956


1105
1105



1152
1152

2414
2414

98
98




861
861

1398
1398


1867
1867
1842
1842
2430
2430

2051
2051

1349
1349




1866
1866
366
366



77
77

1742
1742





2152
2152

2049
2049
316
316

1278
1278
933
933
2097
2097
1724
1724





663
663
131
131


2522
2522

2174
2174


1447
1447










1190
1190


1681
1681



903
903





1668
1668


502
502
548
548
689
689



325
325
1004
1004








1948
1948

1285
1285



1060
1060

1114
1114

1327
1327

1575
1575

1730
1730


1586
1586

1269
1269
1264
1264







2023
2023
2144
2144


1237
1237






891
891

1365
1365



2044
2044
2074
2074

2249
2249


1590
1590

1374
1374



285
285
1923
1923
418
418

110
110









128
128
954
954
2510
2510







1703
1703





822
822



589
589
241
241









1185
1185


2217
2217







484
484




1090
1090
1680
1680
969
969
1695
1695


1362
1362

746
746





1816
1816





775
775
271
271
1741
1741



1655
1655
520
520


874
874
1518
1518
1807
1807


61
61


2091
2091

1110
1110



1263
1263


1038
1038


2177
2177



2381
2381





1601
1601




1781
1781
2088
2088



216
216

1465
1465


1864
1864


378
378
585
585
1075
1075
2184
2184
1852
1852
2026
2026



225
225


676
676
2559
2559
1804
1804
1709
1709
809
809



74
74


2523
2523




435
435
1414
1414


1527
1527

293
293





327
327
1739
1739
1773
1773

2442
2442



516
516
1251
1251

2431
2431
2125
2125

795
795



442
442



1558
1558
1588
1588



337
337
2514
2514

1244
1244

977
977



1667
1667


530
530
774
774

181
181







1324
1324




205
205


1891
1891
1818
1818

1357
1357
897
897
2101
2101
613
613



1290
1290
2210
2210

2240
2240

2151
2151




1662
1662






361
361
301
301
2441
2441





868
868

2222
2222
1571
1571






113
113







1952
1952
2216
2216


1555
1555
489
489





464
464



965
965



282
282
997
997




2003
2003
1086
1086
2250
2250
845
845

1594
1594
1101
1101
1904
1904


2343
2343
888
888









1605
1605


1926
1926


22
22
287
287

1817
1817

2188
2188
1519
1519

426
426




1490
1490


2230
2230
1531
1531
2224
2224
194
194

1905
1905

1915
1915



2153
2153



1073
1073
1345
1345
202
202




2528
2528





13
13



2438
2438
2378
2378
236
236



543
543
1593
1593


1426
1426
2157
2157




2357
2357
493
493

2245
2245


1260
1260



2281
2281



1013
1013


1887
1887
2238
2238

276
276
72
72



402
402




510
510



1464
1464





1693
1693


163
163




1174
1174
1212
1212
280
280

2195
2195
563
563

1293
1293



581
581





1697
1697







274
274



1883
1883




1450
1450





1591
1591
1736
1736

427
427


1858
1858



2272
2272


155
155

1607
1607

102
102




457
457

1265
1265



2270
2270
2479
2479




373
373

1232
1232


2512
2512
2273
2273





2399
2399
171
171


708
708



617
617

1093
1093

1924
1924
1243
1243

2054
2054

2218
2218
1998
1998




1014
1014
686
686





1838
1838



1743
1743
1162
1162
2411
2411
19
19


1682
1682
678
678

380
380


1113
1113









656
656

1999
1999
306
306


416
416

2365
2365





2073
2073

2162
2162

419
419
2444
2444

2082
2082



1234
1234

2268
2268






1235
1235



2353
2353










1638
1638
54
54



758
758
474
474



166
166
1988
1988

1821
1821
1167
1167



2387
2387
292
292


421
421
1970
1970

160
160
1553
1553

1738
1738
260
260
796
796

1134
1134




2325
2325







20
20
449
449









424
424

1936
1936


1072
1072
379
379
1055
1055

2500
2500
2028
2028
48
48





392
392



1410
1410


1056
1056

1182
1182

2159
2159


2462
2462


1375
1375

1335
1335
119
119

693
693

2372
2372


738
738

668
668

1563
1563
2380
2380

130
130


127
127












263
263






1851
1851





1745
1745











2443
2443




1592
1592







766
766





278
278
879
879






2117
2117

206
206



1679
1679

12
12

1651
1651










2244
2244


511
511


767
767
















2422
2422
2058
2058


1483
1483










178
178


975
975



632
632

1039
1039
577
577




843
843


1477
1477





8
8
1095
1095

23
23
2089
2089



1511
1511

886
886
199
199
865
865


2067
2067
572
572

2284
2284
529
529

1467
1467




2119
2119



2453
2453




1023
1023

1302
1302
991
991

101
101
2227
2227



1233
1233
2062
2062
1940
1940
1479
1479


1358
1358
297
297

535
535







877
877





94
94
90
90

1696
1696
1698
1698

212
212


1011
1011

2172
2172
692
692
1172
1172

524
524




1825
1825
1061
1061
391
391
694
694






639
639


882
882
1026
1026


2181
2181
798
798



1491
1491







1850
1850
383
383
2015
2015



126
126


81
81
1771
1771



2170
2170




512
512
896
896
1872
1872

2189
2189


1403
1403
2022
2022

680
680
210
210

1989
1989
1623
1623
1051
1051

1902
1902
2302
2302
872
872



158
158


1470
1470

849
849

593
593



643
643


920
920

1568
1568
1853
1853








1711
1711


425
425
1663
1663








1678
1678


420
420

219
219









576
576



6
6

1644
1644



1812
1812




2493
2493

122
122
1982
1982

925
925

1143
1143




500
500




358
358

434
434
1404
1404
2065
2065
2010
2010
1886
1886



2374
2374



1305
1305

2038
2038
2045
2045
2129
2129
1653
1653

141
141



1350
1350




842
842
2499
2499







498
498

1472
1472

1393
1393


1144
1144
200
200





1356
1356
853
853

604
604
1151
1151


2321
2321





70
70


2032
2032




946
946


940
940

2556
2556
1652
1652
642
642


1896
1896
291
291

705
705

1020
1020

1985
1985
1893
1893
906
906
365
365
1242
1242



2014
2014

398
398
2517
2517
1108
1108





176
176


1218
1218
1392
1392



1407
1407


2395
2395

1368
1368







1965
1965
2076
2076

1096
1096
71
71


1370
1370
1786
1786






1043
1043


1888
1888

1197
1197
2286
2286
478
478


1758
1758






998
998



1726
1726

2036
2036






792
792



2013
2013



1021
1021




107
107




1734
1734

2328
2328
1000
1000



2420
2420
108
108
754
754
487
487




482
482
770
770
259
259
2478
2478
145
145






497
497

1646
1646
0
0





1406
1406
1253
1253


1801
1801
429
429


2394
2394







193
193






1150
1150







1863
1863

2096
2096



1484
1484




1364
1364

804
804
506
506





1642
1642

1074
1074


525
525



1753
1753
1649
1649



1617
1617







1279
1279
452
452

551
551

600
600





299
299





825
825


1895
1895
364
364


2178
2178
675
675



2421
2421
2069
2069
802
802


496
496

660
660



1932
1932

2461
2461
2408
2408


783
783

1499
1499


2169
2169

1420
1420
1248
1248


2336
2336


1929
1929
2183
2183

347
347
707
707
1292
1292
1239
1239




2078
2078




1281
1281
1694
1694
582
582
95
95



249
249
2070
2070


690
690




1964
1964
2307
2307
1938
1938






2192
2192

726
726



2275
2275


901
901

143
143


542
542



1194
1194

1142
1142

1141
1141



1280
1280
1672
1672




898
898

136
136


7
7











1849
1849

1574
1574




1183
1183


88
88
651
651
1845
1845


1819
1819
929
929



2204
2204



737
737


1907
1907
1271
1271







2312
2312
915
915

393
393







1361
1361

221
221

1063
1063














1155
1155


2473
2473




1286
1286
1206
1206
66
66



560
560
1934
1934



233
233






258
258

467
467
184
184






2262
2262






881
881




761
761




1899
1899


552
552






573
573

56
56







2320
2320









2243
2243


1721
1721



302
302

1538
1538
1765
1765


1030
1030
1352
1352
2410
2410
125
125

1643
1643
538
538
720
720
1422
1422

1112
1112
265
265
1868
1868


628
628


2434
2434
691
691



1953
1953

1178
1178
79
79
2364
2364

2560
2560
1573
1573
575
575


1749
1749

1201
1201

1394
1394
1283
1283


1946
1946
2259
2259

2521
2521
1424
1424
1473
1473


254
254

1933
1933




1798
1798


2116
2116
1728
1728


486
486





1972
1972


1031
1031


2301
2301








1022
1022



2263
2263



1245
1245


2136
2136


2371
2371






1100
1100





2197
2197
2437
2437




139
139





2018
2018
624
624

2506
2506
540
540
1830
1830

2258
2258
2269
2269




2239
2239
657
657

357
357
248
248








927
927


764
764
2459
2459

2337
2337










2331
2331

1366
1366





222
222

1636
1636
326
326
146
146



2333
2333




2498
2498
2505
2505
394
394
2424
2424
446
446
1535
1535
515
515

900
900


1045
1045
1635
1635
1505
1505




955
955

2213
2213


144
144
866
866

1303
1303


908
908

1342
1342
1436
1436
1200
1200
980
980



2388
2388

262
262





1130
1130
2445
2445


1576
1576



1
1
1129
1129
2359
2359
2463
2463




2306
2306





422
422

269
269
1514
1514









710
710
2354
2354


2280
2280

1396
1396




1247
1247

1614
1614
284
284




2554
2554
1625
1625




1214
1214
342
342

476
476

2538
2538


614
614

75
75
1910
1910



257
257





827
827



430
430


404
404




1839
1839

82
82


47
47





926
926


275
275

45
45




2016
2016




1598
1598



2347
2347



1718
1718
598
598





583
583

2391
2391



1822
1822







2094
2094



2488
2488


162
162

2206
2206
470
470



1928
1928





840
840
674
674

242
242
936
936



38
38

729
729
2469
2469

616
616


739
739













2534
2534

2105
2105
1975
1975
1708
1708


1215
1215
2299
2299
1969
1969




2077
2077
2008
2008

1166
1166
1787
1787
776
776


1560
1560
338
338



1367
1367
1115
1115
1770
1770



1609
1609



57
57



2261
2261



978
978









1997
1997

1402
1402
2397
2397
1466
1466

1124
1124
887
887

411
411


1769
1769
1401
1401

935
935

322
322

505
505

1645
1645


1935
1935





1901
1901
1810
1810

1981
1981
428
428



1673
1673
1615
1615







2114
2114
501
501




1275
1275
2113
2113

413
413





547
547


1329
1329
39
39
1147
1147

266
266







1441
1441
1412
1412



1353
1353


638
638
1099
1099
1566
1566
1223
1223

2112
2112



509
509
439
439







883
883





1983
1983


1388
1388


1631
1631


295
295




52
52

646
646






2452
2452
876
876



1328
1328
438
438

1107
1107
2547
2547


2326
2326
1561
1561
930
930
640
640

2052
2052

2358
2358
1898
1898

2064
2064













918
918

618
618


1161
1161









2242
2242
2252
2252

586
586




2490
2490
698
698

2257
2257
1128
1128


2530
2530

1277
1277
1945
1945
1622
1622
1583
1583

1032
1032



1449
1449
814
814

533
533
961
961






1516
1516


1506
1506
1790
1790

1475
1475
340
340
1937
1937
1015
1015
1417
1417



1746
1746
1517
1517
1720
1720
1501
1501


769
769



2334
2334
787
787
2305
2305



190
190




555
555

2425
2425
1220
1220








1456
1456
1890
1890



1042
1042



1071
1071






148
148
732
732


1747
1747
564
564




2524
2524
1815
1815
169
169
659
659








1754
1754

681
681
1308
1308

2232
2232




580
580


41
41
731
731






2366
2366











916
916



2369
2369






156
156



1740
1740
1125
1125

1379
1379


1848
1848

904
904








270
270


519
519


893
893
